9.999921847789102758e-01 -3.447460610181498058e-03 4.556237527319478557e-07 1.934200609596531308e-03 -3.894768282684129509e-09 -6.530064135795909323e-05 -2.519371358396284513e-07
3.923673120103112269e-03 8.058051042781620987e-01 -2.826807465596810370e-07 -5.921460149072377277e-01 3.323879926806613784e-07 5.082886554564812476e-03 1.437848947873915675e-06
-4.547480530715040833e-07 8.536312617479957073e-07 9.999955304697767389e-01 6.724390388013630045e-07 2.752632835403985918e-07 -1.801620449227435542e-07 -2.989822565612372095e-03
4.825897928509230547e-04 5.921695824373658379e-01 -9.998499000433838671e-07 8.057983595149803557e-01 2.475619648350653299e-07 -4.894515856280458321e-03 1.610855737602008632e-05
2.479149788603072023e-09 -4.146516607426467347e-07 -2.751832206928847436e-07 -1.499673282030126199e-09 9.999999999998621103e-01 1.657645522707044427e-07 2.706074541005467630e-08
4.771978055007822776e-05 -1.197687615284887073e-03 2.198951416774277881e-07 6.954103140425876330e-03 -1.662470695695917309e-07 9.999751014431446094e-01 1.450543614282477640e-05
2.364689369337946156e-07 -1.067861479220742990e-05 2.989822579760989703e-03 -1.222726176484003012e-05 -2.623992960459449805e-08 -1.443415943798153240e-05 9.999955302345112651e-01
