9.998215640640432111e-01 -1.886004682651491390e-02 -1.445944541287143161e-07 -1.012200129283407479e-09 9.199754479278183855e-04 -5.406582893006745211e-04 -2.009873447428479432e-08
1.888908179130461065e-02 9.977596890318305434e-01 -1.412743341801777703e-07 -1.809209495491360220e-07 -5.904600470289204234e-02 2.514706465321439599e-02 2.944440314062256652e-07
1.471801538263095426e-07 1.208689359419290371e-07 9.999999999999173994e-01 -1.593549344446829389e-07 -3.001877984481474468e-07 6.807927580483561572e-09 -1.158356990153384423e-07
4.679378567533744114e-09 1.849592391434334909e-07 1.612373309735748082e-07 9.998649138399015035e-01 9.200574882847020288e-08 -1.250144786185030847e-07 1.643636431337715947e-02
1.935054413443600227e-04 5.986210367563123136e-02 2.924471755313890553e-07 -1.080338913200186177e-07 9.976696728837531891e-01 -3.273705709277726500e-02 6.463376980186161067e-08
7.195299791215233086e-05 -2.316096112405598845e-02 6.245696256808820678e-09 1.318755412747460272e-07 3.417523638142587472e-02 9.991474455357964857e-01 -3.535241618215462666e-07
1.447136084110812711e-08 -3.093023469868174019e-07 1.132008573689407311e-07 -1.643636431328994105e-02 -3.651435353621264749e-08 3.500254808911802847e-07 9.998649138398287839e-01
