9.999961177849462368e-01 2.637639828847829129e-03 -5.019542676891592789e-07 -1.404193290273220111e-07 -8.979299987194068727e-04 3.150576447035938172e-05 -4.221412029246912964e-08
-2.713883802752046093e-03 9.946275029498089504e-01 8.209464781573064969e-07 -9.948713042220757766e-06 -9.970896433369040579e-02 2.769271865623617809e-02 2.959411273672929595e-05
5.040212543129313251e-07 -8.324856809272832951e-07 9.999999999992238431e-01 6.854044528108933199e-07 -1.545926468668540737e-07 -2.520302282264609760e-07 2.189424143038771948e-07
1.161970135402341452e-07 9.209837434028036318e-06 -6.905404294153903663e-07 9.997016867300413390e-01 -1.080681836906956772e-06 -1.619927922433856000e-06 2.442411636081984888e-02
6.305115168596883441e-04 9.964462056990386341e-02 2.374072968513169666e-07 1.680539805917192547e-07 9.950157455983928978e-01 3.770684004852184468e-03 -1.794957092354353070e-07
4.128784733645951479e-05 -2.793066160541379100e-02 2.285047254752868118e-07 1.891263124812823681e-06 -9.910364987846358165e-04 9.996093708445499271e-01 -6.240793488266273192e-07
1.198655184168129966e-07 -2.966834470646028654e-05 -2.021610130497803914e-07 -2.442411607487268710e-02 3.156079231911577167e-06 -1.555087482042703386e-07 9.997016863363341610e-01
