9.996758094466823286e-01 -2.094802506836545425e-02 3.714383422339392937e-07 1.447139723834228037e-02 1.611321332927976600e-07 -1.868546542675242155e-04 2.501486123260436088e-09
8.078150720865243887e-04 5.942240028251111195e-01 -1.407272177760217401e-05 8.042558075243639859e-01 9.662487460501074687e-07 -8.353308032184257256e-03 -3.254147770896676029e-06
-1.203106872625373597e-07 1.593375092822624895e-05 9.999974284952467540e-01 5.744215063679372198e-06 2.025479649655292534e-07 2.709418286597100948e-06 -2.267754090947747894e-03
-2.544840520284786037e-02 -8.040266946932866921e-01 9.419052762026995483e-06 5.940200595485882751e-01 6.829485566630894863e-07 -5.798417653484273793e-03 3.262230610587277323e-06
-1.444841101387992001e-07 -2.171080754554328885e-08 -2.025866953469744388e-07 -1.185933629463571247e-06 9.999999999992631450e-01 -6.705677633097026022e-08 -2.007798086149906539e-08
4.598389821837780590e-05 2.977544446235191097e-04 -2.886287547305936060e-06 1.016580264150412916e-02 7.912079094570375253e-08 9.999482802399526360e-01 -5.021205078072202749e-05
8.518296791682062895e-08 4.607762154329636311e-06 2.267753872043127335e-03 1.202775957881390800e-06 2.054225147985603981e-08 5.020746062798741552e-05 9.999974273711412787e-01
