9.998429427755045618e-01 -1.772246538218833975e-02 4.179708285488533309e-06 -2.674035386165387603e-07 6.312825210727550851e-05 -2.353342561153496717e-07 1.525151973567896395e-07
1.772233112396161964e-02 9.998038342430601855e-01 -1.584393491732718584e-04 -4.001805479782614851e-06 -8.842335264784981913e-03 6.523283431170442732e-07 7.604911197011384954e-08
-8.694351302570704423e-06 -5.342584934122158362e-04 9.969305342211270959e-01 -1.426623927602630110e-08 -7.828936345281566067e-02 8.020365597965814734e-09 -3.443738868417022055e-08
3.382733584139826704e-07 3.995998741783585025e-06 1.117880268406337158e-08 9.999999990994740129e-01 -6.719996047386213343e-08 -4.040706472464711514e-08 4.224882458051159104e-05
9.319748897045625647e-05 8.827332842384589401e-03 7.829102641477318769e-02 3.081457062451006342e-08 9.968914608381532760e-01 2.938265093504649643e-08 -1.003516611087421943e-07
2.237194798378651757e-07 -6.566327922746269685e-07 -1.018786211597405441e-08 3.646043629621696758e-08 -2.287128361882782307e-08 9.999999956310453575e-01 9.347420020199668383e-05
-1.538651626358877906e-07 -7.257125779318296098e-08 4.220021078450682281e-08 -4.224882782513783840e-05 9.801143403791332972e-08 -9.347419858874110707e-05 9.999999947387852028e-01
