9.997300565641020764e-01 -2.316611490746696769e-02 1.185013053931251182e-08 -2.451287020573301828e-07 1.632540954545798556e-03 -6.927715002871639213e-04 2.264981489880594614e-07
2.322510874376280607e-02 9.945570099079603654e-01 1.334381793093645078e-08 8.419646347457081975e-07 -9.760649944100063813e-02 2.810550666256985894e-02 -1.132178310464309481e-05
-1.215904870683256698e-08 -1.316099628766764862e-08 9.999999999999997780e-01 -1.836732316308142503e-09 -1.855260241573685158e-09 -5.450641123021562289e-09 -4.198270047588414311e-09
2.258951481149289041e-07 -7.246008281912073672e-07 1.889266807435158270e-09 9.999212593201901589e-01 -4.004693683328918320e-08 4.155505646776658175e-07 1.254891066087730593e-02
6.358774962173117853e-04 9.861422429801311451e-02 2.951388219971720361e-09 1.286856806574851011e-07 9.944543881751970460e-01 -3.654176056177126791e-02 -1.875413467751536083e-07
6.313426368272296359e-05 -2.439097786122541855e-02 5.197189637702064515e-09 -4.319172542700000739e-07 3.912513150330922118e-02 9.989365847228228734e-01 5.207146247933980140e-08
3.379652538778980077e-08 1.129515249155916246e-05 4.175039227562411822e-09 -1.254891065204212161e-02 -9.205553111159905907e-07 2.542974987023168625e-07 9.999212592564242774e-01
