9.999999904350833635e-01 1.027192977356711771e-04 -4.837089354769708531e-07 1.483809650469436192e-06 -9.211714384523070202e-05 -2.116124980935482601e-07 9.514748816037125226e-06
-1.036211786602994617e-04 9.999515318101140915e-01 -7.634139062224131952e-05 -4.470748214664741836e-07 -9.844665913891617604e-03 -3.916771504402072666e-07 -4.235602397825495291e-06
-6.678266566227858773e-06 -6.968372362156985411e-04 9.969130526270876258e-01 9.330877800980134684e-06 -7.851037933926409418e-02 -1.346658331549830365e-06 -1.105145460288797201e-05
-9.632114844769580809e-06 4.239594927986872105e-06 9.389410136852683263e-06 1.578996079404572095e-01 -8.104828504867679747e-07 -1.290270631367626541e-02 9.873708694216489778e-01
9.085757351286710790e-05 9.820278967934794809e-03 7.851343492485955700e-02 2.585552304309956839e-07 9.968646820909575768e-01 1.349222331917397608e-06 6.654928958162871784e-09
9.139816907495417035e-08 3.984649950860742142e-07 -1.245456191150392272e-07 1.346447218747042207e-01 -1.370080510873635546e-06 9.908567572582591687e-01 -8.584023815850806705e-03
-2.533522480230551821e-08 2.782752304951638499e-07 1.102828199730022803e-05 -9.782323408035537016e-01 -8.004341721226958669e-07 1.342996901023909839e-01 1.581931747012499390e-01
