9.998637559250798112e-01 -1.650654898300756013e-02 2.880666081380141926e-06 4.107182106122050597e-07 5.840446560857249537e-05 -1.809231045298644164e-07 2.912522733811159247e-06
1.650632401711494418e-02 9.998152651821505810e-01 3.000328264317080439e-05 -3.960797754803231722e-05 -9.846100704980561766e-03 7.467016073052241609e-06 -1.689744064947327161e-04
-1.153720808706337633e-05 -8.025375432243575091e-04 9.969157875175010952e-01 1.668697558198837215e-05 -7.847463350360449341e-02 -2.737721129821775218e-06 -3.044633472324360165e-06
9.691216375249995118e-08 1.406370196430971418e-04 -1.115230926929731660e-05 7.523331530243153598e-01 -5.116364860648400178e-06 -9.494189279588137464e-02 6.519055483147045971e-01
1.035453989362019700e-04 9.813007668098882100e-03 7.847873212474495985e-02 1.600304571617275169e-06 9.968674850355868644e-01 2.785731911675200980e-06 5.608166952552058295e-06
8.916541614217542480e-08 -3.245855750575196693e-06 2.944621645815699291e-07 1.300598364676715246e-01 -2.938678085745503703e-06 9.914897751820426208e-01 -5.697773968758385738e-03
-2.456418235867639855e-07 1.018533656043890911e-04 1.301910782471807896e-05 -6.458167417685282130e-01 -5.505616756242184157e-06 8.907335533566401731e-02 7.582787500957357540e-01
