9.997458341005646121e-01 -1.973735341876750940e-02 -2.318698028066340226e-07 1.089352924059831980e-02 -1.140116638225122406e-07 -1.873478157362294129e-04 4.800831379352480329e-08
2.252256031502573863e-02 8.958310359565827552e-01 -1.513215743695038400e-06 -4.437779643568135479e-01 -1.801672856747085438e-06 6.372412379806086796e-03 -2.456273677779197051e-07
2.685698189815750819e-07 1.817105135361774791e-07 9.999994987467543117e-01 -3.027558722541563230e-06 -2.207237918040838769e-06 8.951568162817028766e-08 -1.001245269151471292e-03
-1.000001187306566236e-03 4.439439156633004369e-01 2.632905198817212975e-06 8.960377478857028954e-01 -1.730734510186196518e-06 -5.399453412287916719e-03 1.814827638985288961e-08
1.528275421227736174e-07 2.380377559392427953e-06 2.207209301988303202e-06 7.518393134170698486e-07 9.999999999944326756e-01 -8.352465046280934217e-08 -3.149332335323295851e-08
3.837903567508671796e-05 -3.315363746211679244e-03 -6.533945803655074955e-08 7.668358766767347651e-03 8.564246971302704184e-08 9.999651009730089468e-01 3.639546081690743537e-07
-4.219088651470855735e-08 2.143201206074975764e-07 1.001245268829439828e-03 -1.316108395870854953e-07 2.928291468090226495e-08 -3.621802396217436748e-07 9.999994987537316193e-01
