9.997456448370315440e-01 -1.973989886853658518e-02 1.726925245204930651e-06 1.090627780721993220e-02 -9.676186677421869313e-08 -1.874125018326854063e-04 4.699777734220418937e-08
2.253075371009496605e-02 8.957192841194983046e-01 -5.694283446829415019e-07 -4.440031709921770098e-01 1.831410146495643512e-07 6.365009194781411084e-03 -4.389275465738912044e-07
-1.714942716007732387e-06 1.128554055214419584e-06 9.999994973789073649e-01 9.074468683036424225e-07 -1.883613604946930598e-06 -5.201289671369037757e-08 -1.002613257310912016e-03
-1.004628944239850186e-03 4.441693168680055925e-01 -1.317063012725042346e-06 8.959259978612981179e-01 -2.469440329515691967e-06 -5.405092181816833520e-03 -7.773275771639458060e-07
9.012550038476984673e-08 9.310143619401492517e-07 1.883602661319947714e-06 2.294539575523613637e-06 9.999999999951548757e-01 -4.952258470413942796e-08 -8.886245708237145470e-09
3.852760997587484240e-05 -3.304300146809387596e-03 4.341152307159094217e-08 7.670958423613085872e-03 3.499228819648271801e-08 9.999651176334355407e-01 -5.419650874422800157e-06
-3.938801765393045611e-08 7.225723796393243138e-07 1.002613256218855883e-03 5.435142202711542877e-07 6.996068267816013395e-09 5.418013456811570375e-06 9.999994973681158861e-01
