9.999918996354926204e-01 -3.504721440040471214e-03 1.824887456534373301e-06 1.978204933835355298e-03 -2.911237335675031852e-08 -6.552049374260848064e-05 -7.436334227579407857e-09
3.995862648977575871e-03 8.057926252538761824e-01 -6.836601721183129902e-07 -5.921625575885182124e-01 2.133805814305968076e-07 5.077751232534067662e-03 5.377954706779599201e-07
-1.821472700666084175e-06 1.385445860370471272e-06 9.999955392777188923e-01 7.164337940462058743e-07 2.465655777238299006e-07 7.975243152202092628e-08 -2.986874427662624103e-03
4.811208394955704729e-04 5.921862378196166565e-01 -1.379808537723779971e-06 8.057861097646078496e-01 -1.507801366941345481e-07 -4.896277887196328650e-03 5.579448841083455543e-06
2.834037182857131836e-08 -8.295060867970332913e-08 -2.464209182804809849e-07 2.490612198093529079e-07 9.999999999999201750e-01 1.637924415749492888e-07 4.880808218416639237e-08
4.758685193750241131e-05 -1.192365472273152361e-03 -3.548487709290982003e-08 6.952509398797701405e-03 -1.656210078429983673e-07 9.999751188705219285e-01 1.590561151071030177e-05
-3.594497581890531960e-09 -3.714363615176737454e-06 2.986874436734973312e-03 -4.285828470705092088e-06 -4.806847559026505374e-08 -1.588046114602901693e-05 9.999955391384218739e-01
