9.999961462411399715e-01 2.627208702562069519e-03 9.484777086767928551e-08 -2.964424883986439850e-07 -8.968289819425364099e-04 3.122455146280689493e-05 -9.713079778340264393e-08
-2.703392145746027868e-03 9.946273862931033216e-01 -4.095346181863008318e-07 -9.649531558545141111e-06 -9.971056789945803578e-02 2.769216186767487625e-02 2.887277251215133531e-05
-9.610678242898234241e-08 3.930659370783609672e-07 9.999999999997153388e-01 -4.106768578669902638e-07 -2.615518469931623126e-07 -2.800114475285088928e-07 -3.001263582338326551e-07
2.745504810465620144e-07 8.960003490240225674e-06 4.178800915937337196e-07 9.997017215139132329e-01 -7.684153965802323616e-07 -1.669755470879403499e-06 2.442269268954622846e-02
6.304520701800555476e-04 9.964623681816695000e-02 2.221966513143967584e-07 -1.107296427224548333e-07 9.950155866356663603e-01 3.769929702961003198e-03 -4.678862314353483352e-07
4.127770576404377604e-05 -2.793003368675367470e-02 2.906260011937660939e-07 1.932381245235135035e-06 -9.902964468880505380e-04 9.996093891231931927e-01 -5.413336441593121547e-07
1.688472474482608992e-07 -2.891334297340519911e-05 2.900192026741152104e-07 -2.442269241918003028e-02 3.363621438332672105e-06 -2.159449366747072161e-07 9.997017211386322044e-01
