9.993609441074838839e-01 -3.574404655295559258e-02 2.416505169153141945e-05 1.011306111101620868e-05 2.514373511674943061e-04 -5.098607300256838011e-08 5.120205694368555453e-05
3.574478932057521818e-02 9.993117503003633439e-01 -1.510516501674666161e-03 -3.979495599530528495e-06 -9.800717575728250253e-03 8.306111832219396267e-07 2.534701165281263163e-06
2.190373953515917525e-05 7.290688399421846322e-04 9.968568427123597475e-01 -1.280085391015755593e-08 -7.922059779805122604e-02 -4.606665474946383787e-08 9.569149776476643792e-07
-1.205144058017397100e-05 4.372536254367225702e-06 -7.674730976311318597e-08 9.898091266711582792e-01 -4.947106892180212237e-07 -1.358667212448578521e-01 4.263949638591075370e-02
1.011058057546477114e-04 9.892284180672184998e-03 7.920955051416732340e-02 5.001258288844978226e-07 9.968088982338384474e-01 1.305839116399112576e-07 -4.716722131211653317e-07
-1.123470882869036915e-06 -2.324186753200664047e-07 3.576729415364789848e-08 1.361643262587130254e-01 -2.004792126914236042e-07 9.906776103238830178e-01 -4.141093589099163752e-03
-5.079733165676963562e-05 -8.870392591902736095e-07 -9.113710030516243549e-07 -4.167935813600057160e-02 5.787375438230298207e-07 9.904870540345642876e-03 9.990819396138780339e-01
