9.997285368893722435e-01 -2.323112521401362457e-02 -4.479163262874453160e-09 2.055093261964048999e-07 1.638720183779404649e-03 -6.942236229498094640e-04 -6.587319621728805825e-08
2.329042965713501445e-02 9.945566501555700434e-01 -1.546580239390831816e-09 3.689560664258734087e-07 -9.760062357336087013e-02 2.808458283376860307e-02 -1.650817869897785527e-06
4.509382210483722933e-09 9.135438205211095053e-10 9.999999999999998890e-01 -8.304820668699940245e-09 -6.982583483357542946e-09 -5.288685708659760593e-09 -7.755043548418973740e-09
-2.126374651503303416e-07 -3.251444235110032928e-07 8.401337022130487859e-09 9.999215034742235941e-01 1.730012264523828281e-07 -1.079341476829749964e-07 1.252944091552395806e-02
6.359383630953574463e-04 9.860722368523006098e-02 6.657749457242175871e-09 -1.416755426533186137e-07 9.944557044816911828e-01 -3.652482502714844009e-02 -1.694487104904695355e-07
6.322786448413828257e-05 -2.437211289263811059e-02 5.578109685038899023e-09 9.377685326864016796e-08 3.910606983632652911e-02 9.989377915652859485e-01 -4.999449444256790841e-08
1.070871260893184382e-07 1.659996159452795363e-06 7.650378579580717953e-09 -1.252944091493676630e-02 7.284382282969513723e-09 9.142863716445652667e-08 9.999215034729393992e-01
