9.997647617403666587e-01 -1.934823185699681772e-02 4.143835573458669726e-07 9.799775133828982771e-03 -3.366719679515120904e-08 -1.775201056452185334e-04 -3.651224554114723945e-08
2.168740307645626239e-02 8.975454572315461066e-01 -1.612723450445084234e-06 -4.403427134471102899e-01 -1.908830552078920301e-06 6.332728717644231509e-03 -2.365256941052419070e-06
-3.793756161283542164e-07 1.384241539252373927e-06 9.999995954202495207e-01 -8.663421748500217680e-07 -2.287225298675944962e-06 -8.035525400716020455e-07 -8.995280149386249060e-04
-2.761524389923476221e-04 4.404882426209020818e-01 1.633981115472182479e-07 8.977346002504675848e-01 -2.506592680027114353e-06 -6.528350381669508970e-03 8.350974864022934737e-07
7.434754841727909500e-08 2.817929144086642153e-06 2.287188366317260674e-06 1.406379963771124233e-06 9.999999999923301353e-01 -4.277127692195131897e-07 -3.875356667697455744e-08
3.833667149050669235e-05 -2.811801360186184321e-03 8.097907035843467581e-07 8.651394611943561547e-03 4.234464568017699999e-07 9.999586219645781870e-01 -5.704888990442844371e-06
8.790803724030112688e-08 1.739573513480363174e-06 8.995280157247608193e-04 -1.742286459353228130e-06 3.669615115141328527e-08 5.724356272683999828e-06 9.999995954051731362e-01
