9.999997237003990236e-01 1.421516360068033767e-04 -1.419497260702152384e-05 -3.823109646869439515e-04 -1.553718397082009086e-04 1.066402483503924384e-04 -5.920441840353942494e-04
-1.428264793263655228e-04 9.996425244359552487e-01 -2.664392193419644686e-02 1.012031040380188572e-06 -2.214570844866743313e-03 1.910901880189097811e-06 -5.930361619326404791e-06
-3.134958798125950295e-06 2.635011034563648422e-02 9.958549394812357125e-01 9.969829357786623732e-06 -8.705521843552113670e-02 1.281584236020188956e-06 -5.279480865944800413e-06
7.002473540478168675e-04 5.152155410976553833e-06 4.325146839951913912e-07 4.129002749127274052e-01 -1.916251192466216840e-06 -3.308457504210060574e-02 9.101748642401179534e-01
1.553735903306158162e-04 4.524905951976495103e-03 8.696574388278323353e-02 -3.197054999881439511e-07 9.962010140782593393e-01 4.527923976108226279e-06 2.220513293149568658e-06
-6.984372024745369412e-05 -2.254046955123922729e-06 -2.976118225729004535e-06 1.279821264649495527e-01 -4.135615560156329629e-06 9.915320563356257999e-01 -2.201707644462730026e-02
-1.132450428700358132e-04 3.390593283370988228e-06 1.073132571212903716e-05 -9.017393148911196921e-01 -2.716708642575875231e-06 1.255769913447142005e-01 4.136382649925242072e-01
