9.997523283810126893e-01 -2.218684268753126285e-02 -5.349226093821449652e-07 3.573199526786695689e-08 1.607325836311792981e-03 -6.651403388857318050e-04 2.440187749000377183e-08
2.224701679014502026e-02 9.944729715902473899e-01 -1.767634083816668558e-07 -1.014486388745713990e-06 -9.871335106750608879e-02 2.800452351204616233e-02 -1.796678836673286986e-06
5.385582020861519484e-07 1.523916870991513294e-07 9.999999999996757039e-01 -9.509243779883216593e-08 -2.620230616537021234e-07 -4.511059658071005269e-07 -2.325319676567874878e-07
-1.298309875302648055e-08 1.039649481739678925e-06 9.907216179123289529e-08 9.998524675596852651e-01 -2.383603302998023660e-07 -4.265688486492764736e-07 1.717681907335857211e-02
5.898530941658782119e-04 9.977073835196954843e-02 2.274972053474052873e-07 1.175630277469204000e-07 9.942538900307522631e-01 -3.878986982034168113e-02 -4.776837318048915309e-08
6.491316973556533147e-05 -2.402191816979732178e-02 4.650573723178550487e-07 4.781771562706725193e-07 4.137986204983532673e-02 9.988546692332245236e-01 -1.000641286974804107e-06
1.589351990899050107e-08 1.750418913030789754e-06 2.308644547439691820e-07 -1.717681907474576108e-02 -8.441336362727205844e-08 1.055456363236897425e-06 9.998524675582066701e-01
