9.998443521850739479e-01 -1.764277453586565042e-02 3.535103415512524857e-06 2.270392705934425316e-07 6.242211578077778034e-05 -3.633506584651399894e-08 1.102748405165315191e-06
1.764263774250244762e-02 9.998053227489551720e-01 -1.029859378144535806e-04 -5.419783568180336572e-06 -8.834211953139435233e-03 -1.834290567591471766e-07 1.909619775618093548e-08
-9.032790011968098117e-06 -5.892995498763636776e-04 9.969270458202960095e-01 2.604385766064375887e-09 -7.833337702703674355e-02 -1.079929159612730078e-08 -8.162748232281109376e-08
-1.314398237793731044e-07 5.421800685593655919e-06 -1.146039026515124977e-08 9.999999991408177191e-01 -1.534214359037379096e-07 -1.008047826169502131e-08 4.109656543299171599e-05
9.302832955332557827e-05 8.814862797877550185e-03 7.833552638113494559e-02 1.060638983987790385e-07 9.968880753856775856e-01 -5.339200864696269159e-09 -5.704199884082372744e-08
3.947259213838883961e-08 1.827931006026475901e-07 1.117286145983930002e-08 6.599643245313822451e-09 2.862738645736743347e-09 9.999999964150587672e-01 8.467495122799761095e-05
-1.102907048387324456e-06 5.794802951775247671e-10 8.584265342649983784e-08 -4.109656627917179593e-05 5.057625897775025325e-08 -8.467495084289479977e-05 9.999999955699993004e-01
