9.999960812032180346e-01 2.651004771712117594e-03 4.234868083365626162e-07 -2.661862039611272072e-08 -8.992974782794803303e-04 3.187118280553375875e-05 -2.302890979713766555e-08
-2.727322426723313709e-03 9.946275973959206596e-01 5.297700067256147252e-07 -9.205873136532299419e-06 -9.970738709974961977e-02 2.769368621972333883e-02 2.875890182363595530e-05
-4.221913113468903146e-07 -5.588887399283543327e-07 9.999999999995430322e-01 5.308944516312530615e-07 -1.984943768710786952e-07 1.872513964424319576e-07 -2.588309097775036762e-07
3.634489794175404270e-09 8.445111926948345817e-06 -5.244096036772213813e-07 9.997016783911024662e-01 -1.318789650600179508e-06 -1.101985079100184277e-06 2.442445797687679832e-02
6.305433693921396084e-04 9.964305786841044787e-02 2.527542940080749197e-07 4.812103132270540400e-07 9.950159026061752288e-01 3.770542951704168155e-03 -2.535956697312443443e-07
4.129719586979870049e-05 -2.793160915426183902e-02 -2.029688725489395354e-07 1.337784132197885491e-06 -9.908435221677868061e-04 9.996093445601017535e-01 -5.125455631376669469e-08
1.015670571672961743e-07 -2.879535666307431662e-05 2.717052135869567633e-07 -2.442445772091664594e-02 3.152886432186950586e-06 -7.175471657343788384e-07 9.997016780146599224e-01
