9.998236698658671262e-01 -1.874861987330327454e-02 1.060197135392729725e-07 -1.234593132011274211e-09 9.108241244856629540e-04 -5.374273893845780102e-04 -9.867700963142645149e-09
1.877726911536533802e-02 9.977646471710380771e-01 3.201275956391120406e-07 -1.754959519320468446e-07 -5.900749332925207119e-02 2.512446518989463334e-02 9.900372839223292337e-08
-1.119596833944253450e-07 -3.181638229487913353e-07 9.999999999998558931e-01 8.240667387795112848e-08 1.626533010522157438e-07 3.592149349096526666e-07 1.103415116237558392e-07
4.847234914652080902e-09 2.098111400502188928e-07 -8.420646999580118227e-08 9.998653514825585065e-01 7.898609471292467995e-07 4.387072004778514102e-07 1.640971979627546540e-02
1.953278908175523144e-04 5.982325161020760063e-02 -1.314506010097106360e-07 -7.948472064975394536e-07 9.976711986593316261e-01 -3.276155946424726129e-02 5.203533792049333740e-07
7.202444837561776240e-05 -2.313820812250657472e-02 -3.718245940561724645e-07 -4.644978540615552155e-07 3.419744866402794903e-02 9.991472126978174773e-01 2.404232259597008533e-07
7.809507586077354509e-09 -1.279938354847740666e-07 -1.089742531192908642e-07 -1.640971979573760398e-02 -5.345458814805804673e-07 -2.328937874825511387e-07 9.998653514828169664e-01
