9.999925380771079730e-01 -3.374574997159050620e-03 -2.421702704719758413e-07 1.879313489402908684e-03 -2.531875507392507304e-08 -6.491872822278738737e-05 1.718161229836509581e-08
3.832430253905436991e-03 8.057966845469655137e-01 -1.992223535098825551e-06 -5.921581246712023239e-01 7.332593999029998351e-07 5.076517656931158785e-03 1.150639896015246519e-06
2.506707051954834752e-07 2.560329434157253059e-06 9.999955079340669961e-01 1.199438833712813590e-07 -5.562308491157336663e-07 5.168821619049084429e-07 -2.997349575586491510e-03
4.837153609081323315e-04 5.921814694810910717e-01 -1.602491230147117407e-06 8.057896261413473038e-01 3.033440684964547999e-07 -4.894038821051256358e-03 2.647871040281672409e-06
2.234468185968835746e-08 -7.701496994524183140e-07 5.562417109380796377e-07 1.873332278368195069e-07 9.999999999994659827e-01 -3.602787162226005713e-07 2.079557319393633863e-09
4.783135447360927536e-05 -1.192730768211803984e-03 -4.644348088906522400e-07 6.949961666919925694e-03 3.580483730141132969e-07 9.999751361194664234e-01 1.675753821288180300e-05
-2.292233817211504042e-08 -2.467493645429301936e-06 2.997349590330408101e-03 -1.568410322735383050e-06 -3.754438992404125551e-09 -1.674852886070898596e-05 9.999955077930956504e-01
