9.996768064317714808e-01 -2.091261734969721703e-02 2.431053085516757299e-06 1.445372573694110596e-02 -3.494206783337689778e-08 -1.868805938133607874e-04 -1.150668336086703423e-07
7.982701225225062591e-04 5.941381662646136874e-01 -4.080739546849863057e-05 8.043188065017565780e-01 4.138490185326115128e-07 -8.393923665737488757e-03 -6.340547085494347191e-06
-3.019621995398647712e-06 4.614717936149115806e-06 9.999974313505113344e-01 4.730676908890673400e-05 -2.208330338108155954e-08 -4.561599631349482845e-07 -2.266059096029316398e-03
-2.540951288674726805e-02 -8.040910443609078362e-01 -2.447411102609705133e-05 5.939344456663797622e-01 1.785193873071558382e-06 -5.815726020335963177e-03 -3.619439745106896079e-06
7.995945303494451331e-08 1.188832216933335788e-06 2.214610245309126558e-08 -1.393049923486299808e-06 9.999999999983192334e-01 -2.546131219400233084e-08 9.257427922916206214e-10
4.574843241717181549e-05 3.068850192366070584e-04 -1.129182801605979652e-07 1.020878401640609376e-02 3.931287426837909608e-08 9.999478401677387440e-01 -3.743570856789921609e-05
2.299295527245921685e-08 8.763435164457714901e-07 2.266058743835099466e-03 7.740587226124167499e-06 -9.652342262666040671e-10 3.735852494606679651e-05 9.999974317574145122e-01
