9.998634605740920334e-01 -1.652442914969381657e-02 2.910587261435503666e-06 8.882138564859519560e-08 5.866373667477308047e-05 2.707823564242763714e-08 4.045078224163418409e-07
1.652420652320307423e-02 9.998150715142913869e-01 3.118351373134497666e-05 -4.563573524603409344e-07 -9.837291242433345712e-03 -2.847760474589492636e-06 -9.588166414038775775e-06
-1.156877234574714324e-05 -8.029950192413290487e-04 9.969160074938074878e-01 1.982151395262347097e-06 -7.847183601501411809e-02 -1.422409970932201832e-07 -4.031480580217754944e-06
-2.235080373007110898e-07 6.319689769358008085e-06 1.061467625234889968e-06 7.523318600347267404e-01 -8.959801425826747509e-07 -9.491334371865182973e-02 6.519112129108651787e-01
1.033134816031188537e-04 9.804137549122609457e-03 7.847593899863013200e-02 8.264626711843462965e-07 9.968677922403538227e-01 2.106004864083791570e-06 5.001475968916883686e-07
1.042940419940561126e-08 2.806558502532502481e-06 -3.114447228262932045e-07 1.300565346982638926e-01 -2.202675508586008930e-06 9.914899818261769804e-01 -5.737046956479693177e-03
-1.323359146037130257e-07 7.228474643230382733e-06 4.333958554435667724e-06 -6.458189143669762489e-01 -4.455138346157808906e-07 8.910147647433415419e-02 7.582736027745552443e-01
