9.999999714083802616e-01 2.203620994503416677e-04 -3.287638417724290884e-07 -5.597310682030088692e-07 -9.282255743542389712e-05 1.067286844786915985e-07 -2.706250747521733319e-06
-2.212685123499555080e-04 9.999511462664354422e-01 -2.095831436291440352e-04 -3.375361778638708961e-07 -9.879883423905938891e-03 2.337561008423167052e-07 -9.947590678688078444e-06
-6.839797431227953329e-06 -5.673021080793395291e-04 9.969088705686086627e-01 1.310866919140263764e-06 -7.856450789775937249e-02 -2.499950153239863016e-07 3.979305384598149157e-07
2.759912374701255855e-06 9.875088025298741514e-06 -6.148231180059614480e-07 1.599304745767904379e-01 -1.632541733492675568e-07 -1.318693015053155893e-02 9.870401957718381025e-01
9.038287786798395688e-05 9.865829416538015456e-03 7.856627681699610011e-02 2.358280577189862111e-06 9.968600689661663017e-01 1.682798706485921344e-05 -4.243078959046658827e-08
-5.508214224220979465e-08 -4.391695548078017209e-07 -1.260531931130754718e-06 1.346291914539598511e-01 -1.694184182321850055e-05 9.908589362737876272e-01 -8.576067048497011680e-03
-1.283087985543195856e-07 1.232310689815266630e-06 1.251792740840770993e-06 -9.779045066377333173e-01 -5.695943242706513083e-08 1.342559979899351219e-01 1.602438856812725687e-01
